Spider VIP - Partition Table Analysis
File: F:\Satelite\Spider VIP\SPIDER-VIP_v1.00.92_20260507.mupg

== ASCII strings @ start (0x0-0x2000) ==
0x000004  'all'
0x000008  'SPIDER_VIP'
0x00001C  '1.00.00'
0x000028  '1.00.92'
0x000034  '3798MV300'
0x000040  'DDR'
0x000044  '1GB'
0x000048  'TOP'
0x00004C  '8GB'
0x000054  '00000000'
0x000400  '20260507095725'
0x000414  'SPIDER_VIP'
0x000428  '1.00.00'
0x000434  '1.00.92'
0x000440  '3798MV300'
0x00044C  'DDR'
0x000450  '1GB'
0x000454  'TOP'
0x000458  '8GB'
0x000805  'fastboot'
0x000829  'bootargs'
0x00084D  'baseparam'
0x000871  'pqparam'
0x000895  'logo'
0x0008B9  'deviceinfo'
0x0008DD  'loader'
0x000901  'kernel'
0x000925  'rootfs'
0x000948  'huser'
0x001080  'v120v1.5.0\\'
0x00108C  '2023/05/26 11:45:11'
0x0010A0  'hi3798mv3dms1_hi3798mv300_DDR3-1866_1GB_16bitx2_2layers.reg'
0x0010EF  '`?='
0x0010F6  '`?i'
0x0010FB  'd `?i'
0x001102  'd$@?'
0x001146  '@_ '
0x001174  '@_ t'
0x001196  '0 c('
0x0011A5  '  c'
0x0011B8  'd4`_  '
0x0011F7  '4@_'
0x001219  '==='
0x0012D1  '&`@'
0x00130B  'fD '
0x001390  '"!4'
0x0013AA  '@4e|'
0x001502  '06V'
0x001508  '06V'
0x001513  '06V'
0x001519  '06V'
0x001546  'UUUU'
0x00155B  'UUUU'
0x00161F  'UUUU'
0x001721  '#Eg'
0x001728  '#Eg$'
0x00172F  '#Eg4'
0x001736  '#EgD'
0x00173D  '#EgT'
0x001744  '#Egd'
0x00174B  '#Egt'
0x001752  '#Eg'
0x001759  '#Eg'
0x001760  '#Eg('
0x001767  '#Eg8'
0x00176E  '#EgH'
0x001775  '#EgX'
0x00177C  '#Egh'
0x001783  '#Egx'
0x00178A  '#Eg'
0x001795  ';-<'
0x0017E6  '6D`'
0x0017EC  'wH`'
0x0017FD  'eS5PT'
0x001806  'GuX'
0x00180D  'UU\\'
0x001814  '`P`'
0x001819  'UPUP'
0x001828  'Zl@'
0x00182C  '" p '
0x001839  'p| '
0x00197E  '18@'
0x0019DE  '08@'
0x0019FD  '0H@'
0x001A02  '0L@'
0x001A07  '0P@'
0x001A0C  '0T@'
0x001A11  '0X@'
0x001A16  '0\\@'
0x001A1B  '0`@'
0x001A20  '4d@'
0x001A25  '4h@'
0x001A2A  '5l@'
0x001A2F  '5p@'
0x001A34  '4t@'
0x001A39  '0x@'
0x001A3E  '0|@'

== Known partition names ==
0x000805  fastboot        | 66 61 73 74 62 6F 6F 74 00 00 00 00 00 00 00 00 00 00 00 00 00 10 00 00 00 0E B8 00 00 00 00 00
0x000809  boot            | 62 6F 6F 74 00 00 00 00 00 00 00 00 00 00 00 00 00 10 00 00 00 0E B8 00 00 00 00 00 01 00 00 00
0x000829  bootargs        | 62 6F 6F 74 61 72 67 73 00 00 00 00 00 00 00 00 00 00 00 00 00 10 00 00 00 01 00 00 00 10 00 00
0x00084D  baseparam       | 62 61 73 65 70 61 72 61 6D 00 00 00 00 00 00 00 00 00 00 00 00 10 00 00 00 00 16 AC 00 20 00 00
0x000895  logo            | 6C 6F 67 6F 00 00 00 00 00 00 00 00 00 00 00 00 00 00 00 00 00 10 00 00 00 09 60 00 00 40 00 00
0x0008B9  deviceinfo      | 64 65 76 69 63 65 69 6E 66 6F 00 00 00 00 00 00 00 00 00 00 00 10 00 00 00 00 04 00 00 50 00 00
0x0008DD  loader          | 6C 6F 61 64 65 72 00 00 00 00 00 00 00 00 00 00 00 00 00 00 02 00 00 00 00 A8 C8 BB 00 60 00 00
0x000901  kernel          | 6B 65 72 6E 65 6C 00 00 00 00 00 00 00 00 00 00 00 00 00 00 01 A0 00 00 00 5F 3B F3 02 60 00 00
0x000925  rootfs          | 72 6F 6F 74 66 73 00 00 00 00 00 00 00 00 00 00 00 00 00 00 49 00 00 00 1D 56 99 FC 04 00 00 00
0x009987  data            | 64 61 74 61 20 61 62 6F 72 74 0D 0A 00 00 F0 20 E3 00 F0 20 E3 00 F0 20 E3 28 D2 1F E5 04 E0 0D
0x0B7E11  data            | 64 61 74 61 00 68 69 5F 6D 63 69 5F 72 65 71 75 65 73 74 00 68 69 5F 6D 63 69 5F 65 78 65 63 5F
0x0B8648  data            | 64 61 74 61 00 00 00 00 68 69 5F 6D 70 69 5F 6F 74 70 5F 73 65 74 5F 73 74 62 5F 70 72 69 76 5F
0x0B8668  data            | 64 61 74 61 00 00 00 00 68 69 5F 6D 70 69 5F 6F 74 70 5F 67 65 74 5F 69 64 5F 77 6F 72 64 5F 6C
0x0C0F18  boot            | 62 6F 6F 74 20 6C 6F 67 6F 20 73 68 6F 77 21 21 21 0A 00 00 48 69 53 54 42 4C 69 6E 75 78 56 31
0x0C0F1D  logo            | 6C 6F 67 6F 20 73 68 6F 77 21 21 21 0A 00 00 48 69 53 54 42 4C 69 6E 75 78 56 31 30 30 52 30 30
0x0C0F68  logo            | 6C 6F 67 6F 00 00 00 00 30 00 00 00 48 49 5F 55 4E 46 5F 4F 54 50 5F 47 65 74 53 74 62 50 72 69
0x0C0F98  private         | 70 72 69 76 61 74 65 20 6B 65 79 3A 20 25 30 32 58 25 30 32 58 25 30 32 58 25 30 32 58 25 30 32
0x0C109D  bootargs        | 62 6F 6F 74 61 72 67 73 00 00 00 43 61 6C 6C 20 5B 25 73 5D 20 72 65 74 75 72 6E 20 5B 30 78 25
0x0C10C7  loader          | 6C 6F 61 64 65 72 2E 62 69 6E 00 00 00 6B 65 72 6E 65 6C 2E 62 69 6E 00 00 48 49 5F 4D 45 4D 5F
0x0C10D4  kernel          | 6B 65 72 6E 65 6C 2E 62 69 6E 00 00 48 49 5F 4D 45 4D 5F 41 6C 6C 6F 63 00 00 00 00 6C 6F 61 64
0x0C10F0  loader          | 6C 6F 61 64 65 72 00 00 4C 4F 41 44 45 52 5F 47 65 74 49 6D 61 67 65 44 61 74 61 42 79 4E 61 6D
0x0C15C8  bootargs        | 62 6F 6F 74 61 72 67 73 00 00 00 00 6D 74 64 70 61 72 74 73 3D 00 00 00 62 6C 6B 64 65 76 70 61
0x0C1B8E  data            | 64 61 74 61 00 00 6F 74 70 5F 67 65 74 73 74 62 70 72 69 76 64 61 74 61 20 00 6F 74 70 5F 73 65
0x0C1BA2  data            | 64 61 74 61 20 00 6F 74 70 5F 73 65 74 73 74 62 70 72 69 76 64 61 74 61 00 00 53 74 62 50 72 69
0x0C1BB6  data            | 64 61 74 61 00 00 53 74 62 50 72 69 76 44 61 74 61 20 00 00 00 00 6F 74 70 5F 67 65 74 63 75 73
0x0C1CC1  config          | 63 6F 6E 66 69 67 28 61 64 64 72 20 25 64 29 20 66 61 69 6C 65 64 2E 20 72 65 74 3D 25 64 0A 00
0x0C1D8A  private         | 70 72 69 76 61 74 65 20 64 61 74 61 2C 20 72 65 74 75 72 6E 20 25 78 0A 00 00 66 61 69 6C 65 64
0x0C1D92  data            | 64 61 74 61 2C 20 72 65 74 75 72 6E 20 25 78 0A 00 00 66 61 69 6C 65 64 20 74 6F 20 73 65 74 20
0x0C1DB6  private         | 70 72 69 76 61 74 65 20 64 61 74 61 2C 20 72 65 74 75 72 6E 20 25 78 0A 00 00 69 64 5F 77 6F 72
0x0C1DBE  data            | 64 61 74 61 2C 20 72 65 74 75 72 6E 20 25 78 0A 00 00 69 64 5F 77 6F 72 64 00 66 61 69 6C 65 64
0x0C2148  boot            | 62 6F 6F 74 20 64 69 73 61 62 6C 65 20 62 61 6B 2C 20 72 65 74 75 72 6E 20 30 78 25 78 0A 00 00
0x0C25CE  logo            | 6C 6F 67 6F 20 66 6C 61 73 68 20 64 61 74 61 21 00 00 45 52 52 3A 20 6C 6F 67 6F 20 70 61 72 61
0x0C25D9  data            | 64 61 74 61 21 00 00 45 52 52 3A 20 6C 6F 67 6F 20 70 61 72 61 6D 20 73 69 7A 65 3A 25 75 3E 25
0x0C25E5  logo            | 6C 6F 67 6F 20 70 61 72 61 6D 20 73 69 7A 65 3A 25 75 3E 25 64 2E 00 6D 61 6C 6C 6F 63 20 65 72
0x0C2820  baseparam       | 62 61 73 65 70 61 72 61 6D 00 00 00 45 52 52 3A 20 48 49 5F 44 42 5F 47 65 74 54 61 62 6C 65 42
0x0C2854  logo            | 6C 6F 67 6F 20 70 61 72 61 6D 21 0A 00 00 00 00 45 52 52 3A 20 48 49 5F 44 42 5F 47 65 74 44 42
0x0C29CA  baseparam       | 62 61 73 65 70 61 72 61 6D 20 66 6C 61 73 68 20 64 61 74 61 21 00 45 52 52 3A 20 48 49 5F 46 6C
0x0C29DA  data            | 64 61 74 61 21 00 45 52 52 3A 20 48 49 5F 46 6C 61 73 68 5F 52 65 61 64 21 00 45 52 52 3A 20 50
0x0C2A13  baseparam       | 62 61 73 65 70 61 72 61 6D 21 0A 00 00 6D 61 6C 6C 6F 63 5F 66 61 6B 65 5F 64 61 74 61 62 61 73
0x0C2A81  baseparam       | 62 61 73 65 70 61 72 61 6D 21 0A 00 00 00 00 45 52 52 3A 20 48 49 5F 44 42 5F 47 65 74 54 61 62
0x0C2AB7  baseparam       | 62 61 73 65 70 61 72 61 6D 21 0A 00 00 42 41 53 45 5F 4B 45 59 5F 54 49 4D 49 4E 47 5F 49 4E 54
0x0C2BAB  baseparam       | 62 61 73 65 70 61 72 61 6D 21 0A 00 00 42 41 53 45 5F 4B 45 52 5F 48 44 4D 49 5F 56 49 44 45 4F
0x0C2D90  fastplay        | 66 61 73 74 70 6C 61 79 00 00 00 00 45 52 52 3A 20 50 44 4D 5F 52 65 61 64 50 6C 61 79 50 61 72
0x0C2DE0  data            | 64 61 74 61 00 00 00 00 45 52 52 3A 20 48 49 5F 46 6C 61 73 68 5F 52 65 61 64 2C 20 52 65 61 64
0x0C2EC8  deviceinfo      | 64 65 76 69 63 65 69 6E 66 6F 00 00 45 52 52 3A 20 6E 6F 20 62 6F 6F 74 61 72 67 73 20 65 6E 76
0x0C2EDC  bootargs        | 62 6F 6F 74 61 72 67 73 20 65 6E 76 21 00 00 00 45 52 52 3A 20 43 61 6E 20 6E 6F 74 20 66 69 6E
0x0C2F09  data            | 64 61 74 61 21 00 00 45 52 52 3A 20 6E 6F 20 66 6F 75 6E 64 20 27 25 73 27 20 70 61 72 74 69 74
0x0C3041  baseparam       | 62 61 73 65 70 61 72 61 6D 20 73 69 7A 65 20 69 6E 76 61 6C 69 64 3A 25 75 20 6D 61 78 3A 25 64
0x0C306B  baseparam       | 62 61 73 65 70 61 72 61 6D 20 70 61 72 74 20 73 69 7A 65 20 66 61 69 6C 21 00 00 00 00 50 44 4D
0x0C5CC3  data            | 64 61 74 61 20 74 69 6D 65 6F 75 74 21 0A 00 00 00 77 61 69 74 20 77 72 69 74 65 20 61 63 6B 20
0x0C5CFA  data            | 64 61 74 61 20 74 69 6D 65 6F 75 74 21 0A 00 00 00 00 68 69 5F 69 32 63 20 52 65 6C 65 61 73 65
0x0C6C3E  data            | 64 61 74 61 21 0A 00 00 00 00 69 72 20 6D 6F 64 75 6C 65 20 69 73 20 62 75 73 79 21 0A 00 77 6F
0x0C7213  private         | 70 72 69 76 61 74 65 20 64 61 74 61 20 68 61 76 65 20 62 65 65 6E 20 75 73 65 64 20 62 79 20 25
0x0C721B  data            | 64 61 74 61 20 68 61 76 65 20 62 65 65 6E 20 75 73 65 64 20 62 79 20 25 73 21 0A 00 00 25 73 20
0x0C7376  private         | 70 72 69 76 61 74 65 20 64 61 74 61 20 65 72 72 6F 72 21 0A 00 00 4E 45 43 20 3A 20 63 61 6E 6E
0x0C737E  data            | 64 61 74 61 20 65 72 72 6F 72 21 0A 00 00 4E 45 43 20 3A 20 63 61 6E 6E 6F 74 20 70 61 72 73 65
0x0C7674  data            | 64 61 74 61 29 00 00 00 63 61 6C 6C 20 25 73 20 66 61 69 6C 65 64 3B 20 72 65 74 20 3D 20 30 78
0x0C7731  data            | 64 61 74 61 29 00 00 6C 6F 63 6B 65 72 20 76 61 6C 75 65 20 69 73 20 75 6E 65 78 70 65 63 74 65
0x0C7798  data            | 64 61 74 61 29 00 00 00 6F 74 70 5F 64 61 74 61 3A 20 73 74 61 72 74 5F 62 69 74 20 21 3D 20 30
0x0C7D2E  data            | 64 61 74 61 20 65 72 72 6F 72 0A 00 00 00 68 61 6C 5F 6F 74 70 5F 72 65 61 64 5F 62 69 74 73 5F
0x0C7DF1  data            | 64 61 74 61 29 00 00 45 52 52 3A 20 70 61 72 61 20 69 73 20 6E 75 6C 6C 0A 00 00 45 52 52 3A 20
0x0C7E25  data            | 64 61 74 61 20 6C 65 6E 20 74 6F 6F 20 6C 61 72 67 65 0A 00 00 00 00 45 52 52 3A 20 74 68 69 73
0x0CAD60  logo            | 6C 6F 67 6F 2D 62 65 67 5D 5B 6C 69 6E 65 5D 20 3A 20 3D 3D 3D 3D 3D 3D 3D 3D 3D 3D 3D 3D 3D 3D
0x0CADA4  logo            | 6C 6F 67 6F 2D 65 6E 64 5D 5B 6C 69 6E 65 5D 20 3A 20 3D 3D 3D 3D 3D 3D 3D 3D 3D 3D 3D 3D 3D 3D
0x0CBC39  boot            | 62 6F 6F 74 21 0A 00 70 73 74 48 61 6C 43 66 67 20 6E 75 6C 6C 2C 66 61 69 6C 21 0A 00 00 00 70
0x0CBFA4  data            | 64 61 74 61 20 69 73 73 75 65 20 66 61 69 6C 21 0A 00 00 00 64 64 63 20 77 61 69 74 20 61 63 63
0x0CF31C  data            | 64 61 74 61 20 70 72 65 63 69 73 6F 6E 20 69 73 20 25 64 2C 68 61 72 64 20 64 65 63 20 6E 6F 74
0x0CF8C8  boot            | 62 6F 6F 74 20 33 2E 33 2E 30 20 28 72 6F 6F 74 40 73 6B 79 2D 76 69 72 74 75 61 6C 2D 6D 61 63
0x0CFBEE  data            | 64 61 74 61 00 2A 03 45 00 48 00 43 00 49 00 20 00 48 00 6F 00 73 00 74 00 20 00 43 00 6F 00 6E
0x0CFE1A  data            | 64 61 74 61 00 69 70 61 64 64 72 00 4E 65 74 3A 20 20 20 00 0A 42 6F 6F 74 20 45 6E 76 20 6F 6E
0x0D00C0  data            | 64 61 74 61 20 61 62 6F 72 74 0A 00 6E 6F 74 20 75 73 65 64 0A 00 66 61 73 74 20 69 6E 74 65 72
0x0D0604  boot            | 62 6F 6F 74 2E 0A 00 0A 52 65 62 6F 6F 74 20 66 61 69 6C 65 64 2E 0A 00 54 20 00 74 66 74 70 62
0x0D060E  boot            | 62 6F 6F 74 20 66 61 69 6C 65 64 2E 0A 00 54 20 00 74 66 74 70 62 6C 6F 63 6B 73 69 7A 65 00 74
0x0D0698  boot            | 62 6F 6F 74 20 66 69 6C 65 20 6E 61 6D 65 3B 20 75 73 69 6E 67 20 27 25 73 27 0A 00 54 46 54 50
0x0D08B8  data            | 64 61 74 61 20 73 69 7A 65 3A 20 30 78 25 30 38 6C 78 2C 20 6C 69 6D 69 74 20 6F 66 20 44 4D 41
0x0D098B  data            | 64 61 74 61 20 00 49 73 20 43 61 72 64 20 65 72 72 6F 72 3A 20 25 73 20 00 20 65 72 72 6F 72 3A
0x0D0A44  data            | 64 61 74 61 20 73 74 61 72 76 61 74 69 6F 6E 2D 62 79 2D 68 6F 73 74 20 74 69 6D 65 6F 75 74 20
0x0D0A7E  data            | 64 61 74 61 20 72 65 61 64 20 74 69 6D 65 6F 75 74 20 28 25 78 29 0A 00 20 65 72 72 6F 72 3A 20
0x0D0B32  data            | 64 61 74 61 20 43 52 43 20 65 72 72 6F 72 20 28 25 78 29 0A 00 77 61 69 74 20 64 61 74 61 20 72
0x0D0B4C  data            | 64 61 74 61 20 72 65 71 75 65 73 74 2C 20 43 4D 44 25 64 28 30 78 25 58 29 2C 20 63 6F 6D 70 6C
0x0D0BE6  config          | 63 6F 6E 66 69 67 20 69 73 20 63 6F 72 72 65 63 74 21 21 0A 00 73 63 61 6E 20 65 64 67 65 73 3A
0x0D0E8A  boot            | 62 6F 6F 74 20 70 61 72 74 20 65 72 72 6F 72 21 00 53 65 6C 65 63 74 20 62 6F 6F 74 20 70 61 72
0x0D0EA2  boot            | 62 6F 6F 74 20 70 61 72 74 20 65 72 72 6F 72 21 00 4E 6F 20 4D 43 49 20 66 6F 75 6E 64 21 21 21
0x0D1725  data            | 64 61 74 61 0A 00 6E 61 6E 64 5F 64 6F 5F 77 72 69 74 65 5F 6F 70 73 3A 20 44 65 76 69 63 65 20
0x0D2236  fastboot        | 66 61 73 74 62 6F 6F 74 20 77 69 6C 6C 20 72 65 73 6F 6C 76 65 20 74 68 69 73 20 70 72 6F 62 6C
0x0D223A  boot            | 62 6F 6F 74 20 77 69 6C 6C 20 72 65 73 6F 6C 76 65 20 74 68 69 73 20 70 72 6F 62 6C 65 6D 2E 0A
0x0D236B  fastboot        | 66 61 73 74 62 6F 6F 74 20 77 69 6C 6C 20 72 65 73 6F 6C 76 65 20 74 68 69 73 20 70 72 6F 62 6C
0x0D236F  boot            | 62 6F 6F 74 20 77 69 6C 6C 20 72 65 73 6F 6C 76 65 20 74 68 69 73 20 70 72 6F 62 6C 65 6D 2E 0A
0x0D357F  config          | 63 6F 6E 66 69 67 20 44 44 52 20 74 72 61 69 6E 69 6E 67 20 69 74 65 6D 2E 20 42 79 70 61 73 73
0x0D378E  bootargs        | 62 6F 6F 74 61 72 67 73 00 6D 61 6C 6C 6F 63 20 72 65 63 6F 76 65 72 79 5F 62 6F 6F 74 5F 61 72
0x0D37BB  bootargs        | 62 6F 6F 74 61 72 67 73 2E 62 69 6E 00 0A 20 62 6F 6F 74 61 72 67 73 20 63 72 63 20 66 61 69 6C
0x0D37CA  bootargs        | 62 6F 6F 74 61 72 67 73 20 63 72 63 20 66 61 69 6C 65 64 20 21 0A 00 69 6D 61 67 65 20 6E 61 6D
0x0D37F6  recovery        | 72 65 63 6F 76 65 72 79 2E 69 6D 67 00 62 6F 6F 74 6D 20 30 78 25 78 00 73 74 61 72 74 20 64 6F
0x0D3939  kernel          | 6B 65 72 6E 65 6C 20 69 6D 61 67 65 20 77 69 6C 6C 20 6F 76 65 72 77 72 69 74 65 20 75 62 6F 6F
0x0D3956  boot            | 62 6F 6F 74 21 20 6B 65 72 6E 65 6C 20 62 6F 6F 74 20 66 61 69 6C 21 0A 00 20 20 20 58 49 50 20
0x0D395C  kernel          | 6B 65 72 6E 65 6C 20 62 6F 6F 74 20 66 61 69 6C 21 0A 00 20 20 20 58 49 50 20 25 73 20 2E 2E 2E
0x0D3963  boot            | 62 6F 6F 74 20 66 61 69 6C 21 0A 00 20 20 20 58 49 50 20 25 73 20 2E 2E 2E 20 00 20 20 20 4C 6F
0x0D3A78  kernel          | 6B 65 72 6E 65 6C 20 66 72 6F 6D 20 4C 65 67 61 63 79 20 49 6D 61 67 65 20 61 74 20 25 30 38 6C
0x0D3B47  kernel          | 6B 65 72 6E 65 6C 20 69 6D 61 67 65 21 0A 00 45 52 52 4F 52 3A 20 75 6E 6B 6E 6F 77 6E 20 69 6D
0x0D3B88  kernel          | 6B 65 72 6E 65 6C 20 65 6E 74 72 79 20 70 6F 69 6E 74 21 0A 00 52 61 6D 64 69 73 6B 20 69 6D 61
0x0D3D49  boot            | 62 6F 6F 74 20 61 70 70 6C 69 63 61 74 69 6F 6E 20 69 6D 61 67 65 20 66 72 6F 6D 20 6D 65 6D 6F
0x0D3D83  boot            | 62 6F 6F 74 20 61 70 70 6C 69 63 61 74 69 6F 6E 20 69 6D 61 67 65 20 73 74 6F 72 65 64 20 69 6E
0x0D3DDE  kernel          | 6B 65 72 6E 65 6C 2C 0A 09 27 61 72 67 27 20 63 61 6E 20 62 65 20 74 68 65 20 61 64 64 72 65 73
0x0D3E29  kernel          | 6B 65 72 6E 65 6C 20 77 68 69 63 68 20 72 65 71 75 69 72 65 73 20 61 20 66 6C 61 74 20 64 65 76
0x0D3EA2  boot            | 62 6F 6F 74 20 74 68 61 74 20 6B 65 72 6E 65 6C 20 77 69 74 68 6F 75 74 20 61 6E 20 69 6E 69 74
0x0D3EAC  kernel          | 6B 65 72 6E 65 6C 20 77 69 74 68 6F 75 74 20 61 6E 20 69 6E 69 74 72 64 20 69 6D 61 67 65 2C 0A
0x0D4415  boot            | 62 6F 6F 74 20 64 65 76 69 63 65 20 2A 2A 0A 00 0A 2A 2A 20 49 6E 76 61 6C 69 64 20 62 6F 6F 74
0x0D4431  boot            | 62 6F 6F 74 20 64 65 76 69 63 65 2C 20 75 73 65 20 60 64 65 76 5B 3A 70 61 72 74 5D 27 20 2A 2A
0x0D45BB  system          | 73 79 73 74 65 6D 00 3C 69 6E 74 65 72 66 61 63 65 3E 20 3C 64 65 76 5B 3A 70 61 72 74 5D 3E 0A
0x0D45FD  system          | 73 79 73 74 65 6D 20 66 72 6F 6D 20 27 64 65 76 27 20 6F 6E 20 27 69 6E 74 65 72 66 61 63 65 27
0x0D46D3  system          | 73 79 73 74 65 6D 00 3C 69 6E 74 65 72 66 61 63 65 3E 20 3C 64 65 76 5B 3A 70 61 72 74 5D 3E 20
0x0D476F  system          | 73 79 73 74 65 6D 00 54 68 65 20 61 64 64 72 65 73 73 20 6F 66 20 74 68 65 20 66 64 74 20 69 73
0x0D4EE0  boot            | 62 6F 6F 74 20 63 70 75 69 64 0A 66 64 74 20 6D 65 6D 6F 72 79 20 3C 61 64 64 72 3E 20 3C 73 69
0x0D5146  config          | 63 6F 6E 66 69 67 2E 0A 00 73 70 69 0A 00 73 70 69 2D 6E 61 6E 64 0A 00 65 6D 6D 63 0A 00 73 64
0x0D52A8  system          | 73 79 73 74 65 6D 20 76 65 72 73 69 6F 6E 0A 67 65 74 69 6E 66 6F 20 64 64 72 66 72 65 65 20 2D
0x0D653F  boot            | 62 6F 6F 74 20 70 61 72 74 20 6F 6E 20 65 72 72 6F 72 0A 00 73 65 6C 65 63 74 20 62 6F 6F 74 20
0x0D655A  boot            | 62 6F 6F 74 20 70 61 72 74 20 6F 66 66 20 65 72 72 6F 72 0A 00 62 6F 6F 74 77 72 69 74 65 00 0A
0x0D65C6  system          | 73 79 73 74 65 6D 00 72 65 61 64 20 3C 64 65 76 69 63 65 20 6E 75 6D 3E 20 61 64 64 72 20 62 6C
0x0D6A0A  factory         | 66 61 63 74 6F 72 79 20 73 65 74 20 62 61 64 20 62 6C 6F 63 6B 73 21 0A 20 20 20 20 20 20 20 20
0x0D6CED  boot            | 62 6F 6F 74 20 64 65 76 69 63 65 20 2A 2A 0A 00 0A 2A 2A 20 44 65 76 69 63 65 20 25 64 20 6E 6F
0x0D6D8A  boot            | 62 6F 6F 74 20 6F 66 20 69 6D 61 67 65 20 61 74 20 61 64 64 72 20 30 78 25 30 38 6C 78 20 2E 2E
0x0D6DAE  boot            | 62 6F 6F 74 00 62 6F 6F 74 20 66 72 6F 6D 20 4E 41 4E 44 20 64 65 76 69 63 65 00 5B 70 61 72 74
0x0D6DB3  boot            | 62 6F 6F 74 20 66 72 6F 6D 20 4E 41 4E 44 20 64 65 76 69 63 65 00 5B 70 61 72 74 69 74 69 6F 6E
0x0D6DFA  system          | 73 79 73 74 65 6D 00 69 6E 66 6F 20 2D 20 73 68 6F 77 20 61 76 61 69 6C 61 62 6C 65 20 4E 41 4E
0x0D7086  boot            | 62 6F 6F 74 20 6F 66 20 69 6D 61 67 65 20 61 74 20 61 64 64 72 20 30 78 25 30 38 6C 58 20 2E 2E
0x0D7134  boot            | 62 6F 6F 74 00 62 6F 6F 74 20 69 6D 61 67 65 20 76 69 61 20 6E 65 74 77 6F 72 6B 20 75 73 69 6E
0x0D7139  boot            | 62 6F 6F 74 20 69 6D 61 67 65 20 76 69 61 20 6E 65 74 77 6F 72 6B 20 75 73 69 6E 67 20 52 41 52
0x0D7209  boot            | 62 6F 6F 74 20 69 6D 61 67 65 20 76 69 61 20 6E 65 74 77 6F 72 6B 20 75 73 69 6E 67 20 42 4F 4F
0x0D7518  boot            | 62 6F 6F 74 20 72 61 77 0A 00 50 50 43 42 6F 6F 74 00 0A 2A 2A 20 49 6E 76 61 6C 69 64 20 70 61
0x0D797F  config          | 63 6F 6E 66 69 67 20 66 6F 72 20 64 65 76 69 63 65 20 25 64 0A 00 2A 2A 2A 20 4E 6F 20 64 65 76
0x0D7B1C  boot            | 62 6F 6F 74 00 62 6F 6F 74 20 66 72 6F 6D 20 55 53 42 20 64 65 76 69 63 65 00 6C 6F 61 64 41 64
0x0D7B21  boot            | 62 6F 6F 74 20 66 72 6F 6D 20 55 53 42 20 64 65 76 69 63 65 00 6C 6F 61 64 41 64 64 72 20 64 65
0x0D7B54  system          | 73 79 73 74 65 6D 00 73 74 61 72 74 20 2D 20 73 74 61 72 74 20 28 73 63 61 6E 29 20 55 53 42 20
0x0D7E44  fastboot        | 66 61 73 74 62 6F 6F 74 23 20 00 6D 61 6C 6C 6F 63 00 2A 2A 2A 20 57 61 72 6E 69 6E 67 20 2D 20
0x0D7E48  boot            | 62 6F 6F 74 23 20 00 6D 61 6C 6C 6F 63 00 2A 2A 2A 20 57 61 72 6E 69 6E 67 20 2D 20 62 61 64 20
0x0D7F28  boot            | 62 6F 6F 74 0A 00 6E 6F 74 20 73 61 76 65 00 45 6E 76 69 72 6F 6E 6D 65 6E 74 20 53 50 49 20 66
0x0D8089  bootargs        | 62 6F 6F 74 61 72 67 73 20 25 73 2E 0A 00 55 6E 61 62 6C 65 20 74 6F 20 75 70 64 61 74 65 20 70
0x0D87F5  data            | 64 61 74 61 20 69 73 20 6E 6F 74 20 61 20 66 64 74 00 66 64 74 20 6F 76 65 72 77 72 69 74 74 65
0x0D89C5  system          | 73 79 73 74 65 6D 20 49 6D 61 67 65 00 66 69 72 6D 77 61 72 65 00 46 69 72 6D 77 61 72 65 00 6B
0x0D89E4  kernel          | 6B 65 72 6E 65 6C 00 4B 65 72 6E 65 6C 20 49 6D 61 67 65 00 6D 75 6C 74 69 00 4D 75 6C 74 69 2D
0x0D8ADD  boot            | 62 6F 6F 74 00 49 6E 76 61 6C 69 64 20 41 52 43 48 00 61 6C 70 68 61 00 41 6C 70 68 61 00 61 72
0x0D8CCE  kernel          | 6B 65 72 6E 65 6C 20 66 6F 75 6E 64 21 0A 00 4E 6F 20 41 54 46 20 66 6F 75 6E 64 21 0A 00 4D 6F
0x0D8ED6  boot            | 62 6F 6F 74 0A 00 68 69 73 69 6C 69 63 6F 6E 20 23 00 03 00 3C 49 4E 54 45 52 52 55 50 54 3E 0A
0x0D90F8  config          | 63 6F 6E 66 69 67 20 64 65 73 63 72 69 70 74 6F 72 20 74 6F 6F 20 73 68 6F 72 74 20 28 65 78 70
0x0D9590  private         | 70 72 69 76 61 74 65 20 64 61 74 61 0A 00 46 61 69 6C 65 64 20 74 6F 20 67 65 74 20 6B 65 79 62
0x0D9598  data            | 64 61 74 61 0A 00 46 61 69 6C 65 64 20 74 6F 20 67 65 74 20 6B 65 79 62 6F 61 72 64 20 73 74 61
0x0D9A38  rootfs          | 72 6F 6F 74 66 73 00 74 61 72 67 65 74 00 74 61 72 67 65 74 2D 70 61 74 68 00 2F 5F 5F 6C 6F 63
0x0D9DB6  config          | 63 6F 6E 66 69 67 20 69 6E 20 72 65 67 69 73 74 65 72 20 74 61 62 6C 65 2E 0A 00 4E 6F 20 70 68
0x0D9DDD  config          | 63 6F 6E 66 69 67 20 69 6E 20 72 65 67 69 73 74 65 72 20 74 61 62 6C 65 2E 0A 00 6E 6F 6E 65 2C
0x0D9E11  config          | 63 6F 6E 66 69 67 20 65 72 72 6F 72 3A 4D 41 43 30 5F 50 48 59 5F 41 44 44 52 20 72 65 67 69 73
0x0D9E5E  config          | 63 6F 6E 66 69 67 20 65 72 72 6F 72 3A 4D 41 43 31 5F 50 48 59 5F 41 44 44 52 20 72 65 67 69 73
0x0D9EB1  config          | 63 6F 6E 66 69 67 20 65 72 72 6F 72 3A 4D 41 43 30 5F 4D 44 49 4F 20 72 65 67 69 73 74 65 72 20
0x0D9EFC  config          | 63 6F 6E 66 69 67 20 65 72 72 6F 72 3A 4D 41 43 31 5F 4D 44 49 4F 20 72 65 67 69 73 74 65 72 20
0x0DA086  data            | 64 61 74 61 0A 00 45 72 72 6F 72 3A 20 67 75 6E 7A 69 70 20 6F 75 74 20 6F 66 20 64 61 74 61 20
0x0DA0A1  data            | 64 61 74 61 20 69 6E 20 68 65 61 64 65 72 0A 00 45 52 52 4F 52 3A 20 46 61 69 6C 65 64 20 74 6F
0x0DA285  data            | 64 61 74 61 20 63 68 65 63 6B 00 69 6E 63 6F 72 72 65 63 74 20 6C 65 6E 67 74 68 20 63 68 65 63
0x0DA2DA  data            | 64 61 74 61 20 65 72 72 6F 72 00 69 6E 73 75 66 66 69 63 69 65 6E 74 20 6D 65 6D 6F 72 79 00 62
0x0DA51A  boot            | 62 6F 6F 74 20 6D 6F 64 65 3A 00 48 69 33 37 39 38 4D 76 32 30 30 00 48 69 33 37 39 38 4D 76 33
0x0DA54A  loader          | 6C 6F 61 64 65 72 00 62 6F 6F 74 61 72 67 73 5F 6C 6F 61 64 65 72 5F 25 73 00 25 73 2C 25 73 2C
0x0DA62A  kernel          | 6B 65 72 6E 65 6C 20 2E 2E 2E 0A 0A 00 74 61 67 73 2E 63 00 25 73 3A 20 62 61 64 20 70 61 72 61
0x0DA656  boot            | 62 6F 6F 74 20 68 61 73 20 6E 6F 74 20 65 6E 6F 75 67 68 20 70 61 72 61 6D 65 74 65 72 20 69 74
0x0DA684  boot            | 62 6F 6F 74 20 68 61 73 20 6E 6F 74 20 65 6E 6F 75 67 68 20 70 61 72 61 6D 65 74 65 72 20 62 75
0x0DAF5F  data            | 64 61 74 61 2E 20 6F 66 66 73 65 74 28 30 78 25 6C 6C 78 29 20 6E 6F 74 20 61 6C 69 67 6E 65 64
0x0DAFB9  data            | 64 61 74 61 2E 20 6C 65 6E 67 74 68 28 30 78 25 78 29 20 6E 6F 74 20 61 6C 69 67 6E 65 64 20 77
0x0DB002  data            | 64 61 74 61 20 6C 65 6E 67 74 68 20 69 73 20 25 64 2C 20 6C 65 6E 5F 69 6E 63 6C 5F 62 61 64 20
0x0DB1BE  data            | 64 61 74 61 2E 20 6F 66 66 73 65 74 28 30 78 25 6C 6C 78 29 20 6E 6F 74 20 61 6C 69 67 6E 65 64
0x0DB219  data            | 64 61 74 61 2E 20 6C 65 6E 67 74 68 28 30 78 25 78 29 20 6E 6F 74 20 61 6C 69 67 6E 65 64 20 77
0x0DB375  data            | 64 61 74 61 2E 20 6F 66 66 73 65 74 28 30 78 25 6C 6C 78 29 20 6F 72 20 6C 65 6E 67 74 68 28 30
0x0DB3E0  data            | 64 61 74 61 2E 20 6C 65 6E 67 74 68 28 30 78 25 78 29 20 6E 6F 74 20 61 6C 69 67 6E 65 64 20 77
0x0DBB63  data            | 64 61 74 61 20 73 74 72 75 63 74 75 72 65 73 0A 00 6E 6F 6E 2D 62 75 6C 6B 20 70 69 70 65 20 28
0x0DC50B  data            | 64 61 74 61 2C 20 65 6D 6D 63 20 65 72 61 73 65 20 67 72 6F 75 70 20 73 69 7A 65 3A 20 30 78 25
0x0DC5E6  data            | 64 61 74 61 2C 20 65 6D 6D 63 20 62 6C 6F 63 6B 20 73 69 7A 65 3A 20 30 78 25 30 38 6C 6C 78 2C
0x0DC6BB  data            | 64 61 74 61 2C 20 65 6D 6D 63 20 62 6C 6F 63 6B 20 73 69 7A 65 3A 20 30 78 25 30 38 6C 6C 78 2C
0x0DCB37  data            | 64 61 74 61 2C 20 6E 61 6E 64 20 70 61 67 65 20 73 69 7A 65 3A 20 30 78 25 30 38 78 2C 20 6F 66
0x0DCCB7  data            | 64 61 74 61 2C 20 6E 61 6E 64 20 70 61 67 65 20 73 69 7A 65 3A 20 30 78 25 30 38 78 2C 20 6F 66
0x0EC65B  boot            | 62 6F 6F 74 29 2C 31 4D 28 62 6F 6F 74 61 72 67 73 29 2C 31 4D 28 62 61 73 65 70 61 72 61 6D 29
0x0EC664  bootargs        | 62 6F 6F 74 61 72 67 73 29 2C 31 4D 28 62 61 73 65 70 61 72 61 6D 29 2C 31 4D 28 70 71 70 61 72
0x0EC671  baseparam       | 62 61 73 65 70 61 72 61 6D 29 2C 31 4D 28 70 71 70 61 72 61 6D 29 2C 31 4D 28 6C 6F 67 6F 29 2C
0x0EC68B  logo            | 6C 6F 67 6F 29 2C 31 4D 28 64 65 76 69 63 65 69 6E 66 6F 29 2C 33 32 4D 28 6C 6F 61 64 65 72 29
0x0EC694  deviceinfo      | 64 65 76 69 63 65 69 6E 66 6F 29 2C 33 32 4D 28 6C 6F 61 64 65 72 29 2C 32 36 4D 28 6B 65 72 6E
0x0EC6A4  loader          | 6C 6F 61 64 65 72 29 2C 32 36 4D 28 6B 65 72 6E 65 6C 29 2C 31 31 36 38 4D 28 72 6F 6F 74 66 73
0x0EC6B0  kernel          | 6B 65 72 6E 65 6C 29 2C 31 31 36 38 4D 28 72 6F 6F 74 66 73 29 2C 32 30 30 30 4D 28 75 73 65 72
0x0EC6BE  rootfs          | 72 6F 6F 74 66 73 29 2C 32 30 30 30 4D 28 75 73 65 72 29 2C 2D 28 6F 74 68 65 72 73 29 00 62 6F
0x1BE6ED  fastboot        | 66 61 73 74 62 6F 6F 74 00 00 00 00 00 00 00 00 00 00 00 00 00 10 00 00 00 0E B8 00 00 00 00 00
0x1BE6F1  boot            | 62 6F 6F 74 00 00 00 00 00 00 00 00 00 00 00 00 00 10 00 00 00 0E B8 00 00 00 00 00 01 00 00 00
0x1BE711  bootargs        | 62 6F 6F 74 61 72 67 73 00 00 00 00 00 00 00 00 00 00 00 00 00 10 00 00 00 01 00 00 00 10 00 00
0x1BE735  baseparam       | 62 61 73 65 70 61 72 61 6D 00 00 00 00 00 00 00 00 00 00 00 00 10 00 00 00 00 16 AC 00 20 00 00
0x1BE77D  logo            | 6C 6F 67 6F 00 00 00 00 00 00 00 00 00 00 00 00 00 00 00 00 00 10 00 00 00 09 60 00 00 40 00 00
0x1BE7A1  deviceinfo      | 64 65 76 69 63 65 69 6E 66 6F 00 00 00 00 00 00 00 00 00 00 00 10 00 00 00 00 04 00 00 50 00 00
0x1BE7C5  loader          | 6C 6F 61 64 65 72 00 00 00 00 00 00 00 00 00 00 00 00 00 00 02 00 00 00 00 A8 C8 BB 00 60 00 00
0x1BE7E9  kernel          | 6B 65 72 6E 65 6C 00 00 00 00 00 00 00 00 00 00 00 00 00 00 01 A0 00 00 00 5F 3B F3 02 60 00 00
0x1BE80D  rootfs          | 72 6F 6F 74 66 73 00 00 00 00 00 00 00 00 00 00 00 00 00 00 49 00 00 00 1D 56 99 FC 04 00 00 00
0x1C3AAD  data            | 64 61 74 61 20 69 73 20 63 6F 72 72 75 70 74 00 00 00 00 70 68 61 6E 64 6C 65 00 6C 69 6E 75 78
0x1C3AF8  bootargs        | 62 6F 6F 74 61 72 67 73 00 00 00 00 2F 00 00 00 23 73 69 7A 65 2D 63 65 6C 6C 73 00 6C 69 6E 75
